013342
013352
013362
013372
013382
013392
013402
013412
013422
013432
013442
013452
013462
013472
013482
013492
013502
013512
013522
013532
013542
013552
013562
013572
013582
013592
013602
013722
013732
013742
013752
013762
013772
013782
013792
013802
013812
013822
013832
013842
013852
013862
013872
013882
013892
013902
013912
013922
013932
013942
013952
013962
013972
013982
013992
014002
014012
014022
014032
014042
014052
014062
014072
014082
014092
014102
014112
014122
014132
014142
014152
014162
014172
014182
014192
014202
014212
014222
014232
014242
014252
014262
014272
014282
014292
014302
014312
014322
014332
014562
014572
014582
014592
014602
014612
014692
014702
014712
014722
014732
014742
014752
014762
014772
014782
014792
014802
014812
014822
014832
014842
014852
014862
014872
014882
014892
014902
014912
014922
014932
014942
014952
014962
014972
014982
014992
015002
015012
015022
015032
015042
015052
015062
015072
015222
015232
015242
015252
015262
015272
015282
015292
015302
015312
015322
015332
015342
015352
015362
015372
015382
015392
015602
015612
015622
015632
015642
015652
015752
015762
015772
015782
015792
015802
015812
015822
015832
015842
015852
015892
015902
015912
015922
015932
015942
015952
015962
015972
015982
015992
016002
016012
016022
016032
016042
016052
016062
016072
016082
016092
016102
016112
016122
016132
016142
016152
016162
016172
016182
016192
016382
016392
016402
016412
016422
016432
048995
049005
049015
049025
049035
049045
049055
049065
049075
049085
049095
049105
049115
049125
049135
049145
049155
049165
049175
049185
049195
049205
049215
049225
049235
049245
049255
049265
049275
049285
049295
049305
049315
049325
049335
049345
049355
049365
049375
049385
049395
049405
049415
049425
049435
049445
049455
049465
049475
049485
049495
049505
049515
049525
049535
049545
049555
049565
049575
049585
049595
049605
049615
049625
049635
049645
049655
049665
049675
049685
049695
049705
049715
049725
049735
049745
049755
049765
049775
049785
049795
049805
049815
049825
049835
049845
049855
049865
049875
049885
049895
049905
049915
049925
049935
049945
049955
049965
049975
049985
049995
050005
050015
050025
050035
050045
050055
050065
050075
050085
050095
050105
050115
050125
050135
050145
050155
050165
050175
050185
050195
050205
050215
050225
050235
050245
050255
050265
050275
050285
050295
050305
050315
050325
050335
050345
050355
050365
050375
050385
050395
050405
050415
050425
050435
050445
050455
050465
050475
050485
050495
050505
050515
050525
050535
050545
050555
050565
050575
050585
050595
050605
050615
050625
050635
050645
050655
050665
050675
050685
050695
050705
050715
050725
050735
050745
050755
050765
050775
050785
050795
050805
050815
050825
050835
050845
050855
050865
050875
050885
050895
050905
050915
050925
050935
050945
050955
050965
050975
050985
050995
051005
051015
051025
051035
051045
051055
051065
051075
051085
051095
051105
051115
051125
051135
051145
051155
051165
051175
051185
051195
051205
051215
051225
051235
051245
051255
051265
051275
051285
051295
051305
051315
051325
051335
051345
051355
051365
051375
051385
051395
051405
051415
051425
051435
051445
051455
051465
051475
051485
051495
051505
051515
051525
051535
051545
051555
051565
051575
051585
051595
051605
051615
051625
051635
051645
051655
051665
051675
051685
051695
051705
051715
051725
051735
051745
051755
051765
051775
051785
051795
051805
051815
051825
051835
051845
051855
051865
051875
051885
051895
051905
051915
051925
051935
051945
051955
051965
051975
051985
051995
052005
052015
052025
052035
052045
052055
052065
052075
052085
052095
052105
052115
052125
052135
052145
052155
052165
052175
052185
052195
052205
052215
052225
052235
052245
052255
052265
052275
052285
052295
052305
052315
052325
052335
052345
052355
052365
052375
052385
052395
052405
052415
052425
052435
052445
052455
052465
052475
052485
052495
052505
052515
052525
052535
052545
052555
052565
052575
052585
052595
052605
052615
052625
052635
052645
052655
052665
052675
052685
052695
052705
052715
052725
052735
052745
052755
052765
052775
052785
052795
052805
052815
052825
052835
052845
052855
052865
052875
052885
052895
052905
052915
052925
052935
052945
052955
052965
052975
052985
052995
053005
053015
053025
053035
053045
053055
053065
053075
053085
053095
053105
053115
053125
053135
